card_id
4043321819600132
3583863794026542
341615594078167
4931034131647525539
3592832764835033
374139537672424
180096965328719
5526916697848019
180051462704821
2268932528809574
373039117182276
4383465787133150983
4103105183477
4376311656670105
343338726247315
213108013267731
503860647463
180023430980502
30208121913613
4916998543535
4751079911838420
2245427849808411
4118244935348743
502064005247
36801128059820
575053315868
4226025634216078
30543303654142
180085014294014
376981693406081
213156159514846
374823662994683
4369957773872148952
4332003791764
3567632016328709
2427889579868727
38434873471434
342236231665875
4690967054663
3573467065627293
6011162720465378
6564170805310030
676223271930
4299124190496631932
4905865185067165729
3598776945314737
3550752735454948
213113678377700
4349578856855
30444313518239
30498941343527
3540084271094778
4471167190229418
180099938677493
3591334123281208
3540344713493610
4421024994717463
180071906594018
3549027874296713
6551256746807153
2298087603859772
4824771093241
180013171274843
38378263982148
6584044997278758
180075339636056
3562702895171879
4217459615865788
2244316117240053
4562386922219693797
30474074821753
4474367136959444
4409097439533949
3510470952145623
180088424745179
4851604817546
4137098593174610
577113826751
3592617964053770
345850643171392
342931839335299
4842102053950240
3581177589178398
4700766177115921
4698478961183673659
6515654527111164
3528098851656042
349832731585143
6011940244550225
6011201836675254
340229014767978
4561497840360
564324451074
4683885160607156
3564160529751616
3581645352181880
372312432921277
3599552717744909
2267700541199864
213179359782070
348203778892555
6559051518644922
3554629148652811
6505423573322147
2688059296222921
630453794731
4359774688623924075
213181412478266
4506068536152
345220472779014
4898614341033
3511798089324607
4218518888809
30065405153195
340585277221700
639030548684
639034505417
6576527758416161
4511544796275700
374016582029702
4569092755719
180065431027866
2254739473121723
30155188442251
2232370589578296
2266786691251770
348922680182421
3558414384249812
4299590010943969
675984473644
3527677359255562
345371473210465
6011259532787740
2298733950047970
502062456509
3558416878499126
378523986800022
38298259526941
180094705516941
3597499309728969
4091307562636895
3528385786527855
4973348434437578
3541986652404153
4733848421993302
213130165712082
6573454019380263
4672400499154780
4431527420549324
4685161227530460
4499045301742684144
4272795687830
4878519108839820
180013971870725
30087406403916
348017046226564
6518251286823001
4863375243106907
5490790306738305
4959953428364408925
6505685662462873
4270866882637
347518304699013
3573540331739363
180046785445870
3553556093204895
6523536937854774
3522872808010065
4120387509977003
6011084840862112
4984546156796
4101666870029
6591803397401489
503850392617
3596856218501632
375047735866293
2720431142626557
577541212673
180010158199563
6518398262244478
4464715437993714
630459657569
4459375265479356
6519398280737411
6524342661797969
3580589113529097
4561014388899373
30250714611253
30387571775142
3505123828258677
6011266093796606
4191825537148
30596969155796
4991251341252866
4627828274225795
347236887676775
3534043842797887
2258580783613405
347133959629230
676258498259
4812604223253672945
6511684577590177
3518636374545895
30500170127701
3542415415206431
5403712938700517
3571361115542622
4890927532697314
4965652341389990
3543898364037619
4805526965827101
573006848663
2708924141832859
4463031617990426
3502758842524100
6581491778507926
4913800030756220868
4541951802387
2444518705349497
373832060385056
4413836702410382
371918261990620
4655743132912127750
180037474112491
341356804420671
213117121003235
349941013721514
503896670661
4447209993475
180001462638388
6578759856420591
4785932133480396526
3559059929378425
5239308705932522
340292185156918
342675289539260
3522096902959395
30251355215701
4541006762677
371793271040546
346218159970624
6011015336884442
630498720501
4310324171467741861
6527047743490213
379380686879379
6011898992172230
4616329451168687
4099861622999119149
374679970246293
3506530745054444
3532475469137363
180008214862893
4030705345786
5135797279855249
3540602933334686
4722903494466570
30489691085897
4715454443283096529
4446660993538755
4417248251353466
374947170999171
213168460223561
30252175250076
4712966667600830
588300335423
180021044789855
4575326033230984
346489090100163
2704723046184992
6011891411739341
4642087375304
5497218114374470
4455611002255798
3555216674676213
3521697972965906
3577167014508992
346375628900283
30217535408383
6011177971775176
502066088019
3588375503758997
4711305548851026
3514933163735165
4779827080869784
4216995866934659
4698485833394523
4158799684608101
676303424425
3538057198386380
3506665800439732
3598933472122815
6584229405720257
4798515832818269
6011533555439870
4157399305616483
676158877040
4811288013366
4120750110241
3546676650618095
3515814491476608
213126842450880
501899688144
3536822239431293
180081414139750
4149135775949298
372053364525773
4812914283411080998
3508488725639429
213165803928278
3575037314530388
377700518449897
4591846386557790
4231843222591360
3577739260302997
4920242869904133
38236929298426
379913662103883
4279908811729805
4865086376599168
30314986430097
213163565126942
180095946368877
180044956213722
180058902601277
6011143519066981
3527703843098838
4530214656693809
5384895543937690
4818184518489477
30357790714164
4565880434160
348275539423730
4333395211171
213175957947289
4086780856279
180050036915590
4347955276365565
4931438663227021
4744890612034717
375588450615936
4455877169472258
3511253554496472
376220234132611
30006811492165
4722820055775
4282997968845783177
6524008254780775
6593085368663267
4163894484635
4417974973502086
2264270312073568
30570512046182
4601367303717
4645208814747
676331365020
3563009792513271
3500528127358579
060465240772
180039285574984
213174485708628
3593518638782944
4118102203173104
6589940539103716
4586509480141385
3586338392886198
36122868528977
375665939836844
36004908240435
344888992107527
343441969315722
3594096105566131
3560480589258326
3579981364622510
3586416862278375
3589833146591166
345590425979279
4521103924057
2267705383388483
3506980420439404
502064510469
213157981238786
501838457627
4543840460843258
4168936392649575
4983248262928
213125205664749
4220994999399
4517289752677226
630404633319
38573660965692
3581770388608688
564764472648
060482771817
3566570279371456
3511175186892689
4922220644742125
3507778097339777
2720903849830229
342099451016223
3579501455616815
4458683390198176
3569548995299786
38293430107133
6505583034414484
502055699024
377027278576085
3588039551240569
4291450461735745
4150317807823578450
2623076810409154
502084094353
4857142241098813858
4493214958702070164
6529979545381794
3517477332945625
4577017157724591
213161581487694
3582761539669587
4971997581724618
4570132902278467
30335494651908
6011405800851409
3556666832723860
372422010276216
6596927868765323
676273846896
676275197124
180078189137183
4580778795654420944
3507929049047121
4294440192927524379
213151292766379
4950410276747832
3574286047658013
4694544149673931
4580010618175342
501891093913
2720269212447177
6542140665044273
4271286391746
5394707200642562
180076618306718
374601585174322
6011461571732039
3576184787005057
630413878293
5227079032020414
4117993136565197
340925114262584
4219620710022
3567232487632901
3591456083318199
213173403127721
501854364590
30010822078112
3599563531531364
6011179706239726
4354352090421776
344929298316873
3574063356939296
6011078068671775
213163254310740
30077262570163
344649893195080
341657905528183
4538179335547
6501557788178846
343711624112411
30238046827564
4431038569557987
38492424375405
4292842222310592747
4552578284107
30275208854747
4975170281406938
2270939834301879
2663759980562651
575547813767
4662991234785196105
4287923264870494783
4024471462735
4195979647158904291
372520456504486
2632192855445182
4284576521328334
213167112075452
30524013223428
2311076031089071
4140119393250124952
213189119083347
213113875927125
6538361517182758
213115716479471
6563175207167814
6591215353961366
4657967842711477322
3517026952499114
180073477848583
630416756777
4276246719788976
4647969545009026
345616556503339
3514152085076984
4790569659171357856
4637183440496391915
4987635148468536648
30208297374897
6011835723246651
2236442493631234
4786603242044820701
2279416516231980
180071391559633
4123476490780
2278673425754095
3534864518376064
4134327560417765619
3581569857002724
4591123829651
3542954316526695
676193173421
3594215291086775
3534476263934367
4443973597107254
4669411800537592
3504896465280929
180057215862410
4456449485625727
4032032074276178
377712151342289
3590892613715044
2295915201777496
349759230450182
2294236103266426
36492515837760
3516592661085735
3578814761742246
180049081081860
30454918017222
502064597797
343219416800615
4769749956412204
060430372361
213114727601223
38707933496057
4679984076789970
676106958140
6517957602437570
4972466572936
3572232971674339
584522801565
4837455084286
5277119918081210
344787125521374
567548214566
4286326667850727
3515562606029081
6555048926738993
3563410856288430
180085200894346
213105485101745
675953998936
4683158935712661103
4371586988649761
36228277288135
060428519619
3508215454470225
6011443270185107
3597567922877726
349966365807413
3594818139890983
30018204339713
3569070562608562
5482422412462097
060404615266
4103399378861405782
30063048913828
6518325823868701
30420074946538
180002891416123
4398554743553795021
676270026872
213118071569563
3517537030453196
3537504793036143
30283999219211
3584308948706051
6518775803046878
6011519036133257
4076095431735050
4997179110062
3520704961108042
6011963990767694
347859311091939
4567972320024968
379822749545083
4038806533315378
30599594652179
675930337935
3563620501508129
4003342342581
4241026153474
348961122338654
6011099384253049
180031791286856
30255877749691
4373634669250
5514785390789562
6557546027341516
213143111508355
374439284044565
3578263337389878
30515366377803
3540755366684595
503825999967
6011863715974122
213109702316433
4705802566212865
2293234672994933
4430271693859778
060414754691
4329676291603242
180013768151180
377243807017653
4004125777118
4274220912411
6011104275230831
676381647095
6011353310600538
2241220681558390
180061331552061
630437314952
4497189241957
6011525715099768
3589030914363916
374326303975244
676164035534
676333968524
502071302322
3538167423362930
3534715662776899
4066149828246742
6515273230085761
6567491601692364
3587506633705026
30243992011668
2636264488694613
3524364027011684
4225223728179323023
4679121416140
676237710048
4138069847759653
373566905510763
4918435797863058
345739769156719
4289802714872717831
4160256434712879
3539915668633418
5359319525690400
4655289931609
30524377294205
4497374605233027646
4865675661844386
4904729277423334
589126620154
502085962632
4749261764755
5317830999741926
4492151826068882
213131292087513
3521840118458267
4084872975859
213110303243299
3542961844626715
6011831435989266
376093141818618
2285423401636119
3597185948491024
6011588967924083
4269405396727579
4834146511131290149
30068277881604
3568538909728328
4067625153814476
4963480797054
30545105265019
4882617024374
4628417722560531345
6550237416787256
6521102258030569
630474471632
3534143637189231
4312604326093105
180033567086049
375635020005344
3562475541108252
373439611291096
4371189547382022
180085571617680
503894240905
4788127868665
4029390878846
4481230834028
4033810595518429
3550053424089164
4735439627365277
4223972404226931
2337618209166015
4231429001851322
3524572308481000
4862030366254361726
2265195151092263
3562494514754109
4526771196421526
6557676952366871
30361968931352
588721055246
180033302126068
3591792025213100
6011272847657045
676309282066
4849843624186235
566289177560
4563411159503424
2239043830341995
30005140546832
6521568182096795
572271133223
3572545960633994
3510248171752423
3551127474721972
4692758955168740909
4214629613673
377871121663651
373714708272351
3505673030644213
4147683420165423566
213165960893190
370272751648079
4910336829635332
585044817765
378512765289283
4491111096179817896
4633786137157666
348444463060005
375296386396098
4265826312819642
4311060920981966
3575233438364040
4911791124421177
4170617136657
30224029901550
3528413908088232
2230523124473157
4776863423461990
4676945919663
371720849649854
2226625313552513
3553795381649383
180091966553308
30046117295961
570907426086
580171644553
180079064771591
4021563213588
3540104145964228
5552967188397740
3531441583311707
4763715398854721
5535679836314629
3527113072407876
2701563268685075
5266343629489784
4313100943181430
3566134732354946
2229974325122577
4650241209579072
30100943882219
3577584745705459
4148026325703965
3536148782455699
4098591679541072720
3547414070349102
630450042548
213114236914307
346661449429655
4426834414978262
6011287585756767
676106129437
349894062607870
5241591497501987
060438287231
4440793110291812
2508760146723848
4916202232883774
4975466176620470
6011940970527744
345868122595725
4617679298842590
3510023117753318
4610941017590257
36298334774336
6011190130205696
2272873397855989
2466191284117306
343446512418931
3569081974005644
503838503715
3551699187240102
4674300038963
3587066266821715
373560331903684
060430102727
379342967111484
3537458438458818
6541328348315209
38107044964103
3570667033626805
676150954938
376018648769980
6532044138459609
374901495427707
30057836091490
2424447232290319
4950830440580936
2671813359561644
375657490250424
502093588957
6011261139898680
213197887543947
345375137651584
379376392836927
4511668297327021645
3512060212886658
3541559991015764
3547229812099579
30289413475099
180045652203685
3515421447732447
2244213882090880
675905349675
30411767412417
2241528547815063
3538003296334724
4423183061789322
3596935782434774
6587413146753614
345627796304487
6011854566766402
3550476392831996
3506155810835830
180034255638307
639081867025
563041662419
180000892196397
378044731497642
4847488360769
213173906375793
4211823793126978935
30464520599608
4875357788117
2292028123710679
180028660416440
3592248395894770
342870562271042
4875109792151
4034469459643
4192134249128965
3597320331922273
340287675481388
6554858193242680
3518652057563980
4520375830943
378094047604407
060479772786
580922216107
3551843905529582
6501382412704937
6011044851579195
5412125902035712
4324064242951
4324474175957
4209628936543585
3518343740182723
379690515026756
2226427820797990
3573459576403819
4902824983922501428
36270232441235
6011328507251782
3576731625265465
213157903923556
676296132738
4156262446704622681
30151602529864
675966046418
30575851268610
373897607401773
3546540842456071
4915086321812278
4793897015502916810
4660241613944985
4597364248097
4406306244795137
3531949796958676
585557277381
4460917851385443
38029929596604
180036826911634
3522686536945511
4888636774722649
372169666309326
213199605932972
349688327532737
4039773973278195232
5106876164819802
3546056876112498
2226652373415175
30345475749498
4840359544294776
4294643039429042
180079252985854
30287276015341
4913577908335065
344888107983341
4372094841312841
4997718051371
2531893974909618
30399704694728
30444835488473
4058772216417581
4334845871499
4523622925879646
4452455574696606063
4403344505665882
4411325797061
3534996010548574
2521562294938175
3588402155732573
373449021666704
676150960851
30495119181820
2717931647725122
378606940960030
4395873959232344
676190285152
4342643350277
6011736077633694
2229981231795560
2657481700666153
2343167045023297
213127009345962
6011282251207344
379500507026088
3521053161177681
3547742585917793
4231164913342
4579889425652905
6011320203265091
349673794871487
344578715841565
213113711842546
213182683230352
4858382521293289
4064686775240
4399106227236266932
343426192372459
2648197374189726
3540641769274384
3537660144485643
502073973963
2589969860919191
4996605779805
4039205146074556
4057423885652715599
4411659726348
30557522501397
180088269131196
4425856261499150
568240733333
4043097768895
4964546553585124
3589218785193583
30490797796122
30057215149406
36263748453984
180009059119183
4392207151169660
30252145264710
6011351571840900
4120800564099513
4283512959272828
30090814415290
2539295786718157
4736050791815895
180083452734666
2507158796474088
4499825080047
346882850317235
2237399006314030